new permutation
[457162721 1515798005 329992201 -740952273 843128642 489990176 -485198514
 1047819201]
[1419061154 -249321030 338064770 616025620 152617160 248501894 -448255502
 314372971]
[1510874987 -455163659 943325915 -1106223856 558259282 -878792736
 -861197099 980188919]
[-1002279347 1036690622 1360100774 -331621842 -695932064 1145010427
 3305312 380130851]
[1221298879 949664449 -535396170 123545075 96154395 502072786 -1093652798
 -229756733]
[-929763333 179212378 1096660508 994563407 1500971228 -607630435 189553257
 -526981857]
[806445390 910082893 -405049814 -637231201 -1029713945 -1131110986
 -1128392878 -1449434011]
[-147347481 5539059 -741374312 -291773544 -1216299793 -89829365 367672043
 1465441165]
[1061392791 291471890 63365929 538574560 -898286139 -372620954 415602549
 -904856675]
[-703590626 548766577 -1453056440 -758448182 -1423268502 -5667804
 1450647643 -502477227]
[945069669 44854348 408628003 -436854182 -1352736281 -840300819 66363071
 -558433245]
[-666253847 370475964 -570685851 959602460 198935713 -1293505710 560398383
 -1371060605]
[720241584 -1565742586 -1542033427 -283173953 408277406 -1004635590
 1520832466 -8557925]
[-793773851, -1565742586, -1542033427, -283173953, 408277406, -1004635590, 1520832466, -8557925]
[-320689632 559439071 1409028195 -915746060 -225718903 1414393833
 960933073 -1493132541]
[1607644410 1482565908 1004117465 -711736051 1171788696 -413936105
 72020239 -1564631101]
[-947031471, 1482565908, 1004117465, -711736051, 1171788696, -413936105, 72020239, -1564631101]
[1224529008 5959179 1529002058 860299519 765561766 -946736675 -500770729
 72733394]
[-212666208 -885706627 -1534916608 1533458025 -1183987374 -800205976
 -596001789 1175020021]
[961658768, -885706627, -1534916608, 1533458025, -1183987374, -800205976, -596001789, 1175020021]
[1900585 -1086196013 -466451166 -1025868018 -743466838 361907549 25597430
 1033824195]
[1100834849 -3617469 509937803 -546530309 -960629154 771587287 640002078
 -341656159]
[-764537166, -3617469, 509937803, -546530309, -960629154, 771587287, 640002078, -341656159]
[148147247 -1281297694 -726953486 -1331035624 882422969 636003528
 1533799438 1326858938]
[1559254122 389613277 1132578715 889121289 1080450237 158208807
 -1315833314 1573724555]
[981004361, 389613277, 1132578715, 889121289, 1080450237, 158208807, -1315833314, 1573724555]
[909309775 -1450095996 -1004373965 356367276 112049108 1003298353
 -1483580710 -964577676]
[-1158579778 519577980 460046001 1166071360 -916398339 420640350
 1236667163 974734582]
[1321142325, 519577980, 460046001, 1166071360, -916398339, 420640350, 1236667163, 974734582]
[-812937140 1378957992 1392682339 510017726 -700256610 -212983301
 1479119675 -1267774551]
[-166047431 -1437292802 227378847 179579598 -1292575358 -214446207
 1023654927 207710350]
[-1575069203, -1437292802, 227378847, 179579598, -1292575358, -214446207, 1023654927, 207710350]
[-770206258 1248832533 1354111623 251960312 -571802259 720993427 986403815
 -1455343151]
[85425328 1359929734 877377798 -647268492 -1106205910 1342969004
 -686084859 617132583]
[609850622, 1359929734, 877377798, -647268492, -1106205910, 1342969004, -686084859, 617132583]
[-1543561782 -1167235420 -938812849 -474609367 -408552210 1127139319
 1435611076 1109614843]
[1062868802 686140918 671266950 -599250860 675364987 823873303 492621378
 -87854150]
[1015792478, 686140918, 671266950, -599250860, 675364987, 823873303, 492621378, -87854150]
[-178559990 725526090 556716514 -115518556 321805786 -42141653 -1130562765
 -606476547]
[642103403 704475485 -791741300 -386999831 -537659117 -1121855585
 -1035214181 1124837899]
[-92741343, 704475485, -791741300, -386999831, -537659117, -1121855585, -1035214181, 1124837899]
[-45859213 -197269383 1569975046 1351770101 -150922282 -353412872
 -915358066 -1081106511]
[-766402801 1515548577 566363630 -1219855475 703771614 -1076847577
 -589972694 -595751376]
[1281652601, 1515548577, 566363630, -1219855475, 703771614, -1076847577, -589972694, -595751376]
[-453117290 1307269168 1198072184 -926863558 163619222 -977422235
 1165292193 1472436831]
[400069593 -774454014 -1088490621 -1150987115 -1019898416 -1383435337
 -177143873 1241632825]
[-105086020, -774454014, -1088490621, -1150987115, -1019898416, -1383435337, -177143873, 1241632825]
[-102484142 -1201677707 -1074249110 -663685547 -1376800402 822919974
 -245405782 369967800]
[1571567336 -348691071 1203604558 587230350 -1562452941 467252315
 -932860352 -1502558740]
[977275364, -348691071, 1203604558, 587230350, -1562452941, 467252315, -932860352, -1502558740]
[687248275 1379371415 1306448326 -1275013049 529975209 -364270792
 -1438409914 -396419734]
[-295687254 1397476079 1159272490 293386708 1532488053 -673424381
 1296783438 842025146]
[213854119, 1397476079, 1159272490, 293386708, 1532488053, -673424381, 1296783438, 842025146]
[-1207239834 -1563468172 -187748355 923927085 -772631638 289237268
 -1318219658 -1327929805]
[-1534279882 -266408497 1493145488 1457026659 1412129138 -1395738855
 -1525130205 -939238345]
[-509878686, -266408497, 1493145488, 1457026659, 1412129138, -1395738855, -1525130205, -939238345]
[-1139677936 174553198 889040281 986738376 -1176061755 1246545916
 573385218 1190183082]
[-138137100 1470691852 1054873293 1099741159 1185037294 -521581937
 595269234 -1104553793]
[596955461, 1470691852, 1054873293, 1099741159, 1185037294, -521581937, 595269234, -1104553793]
[1140293864 848402256 -449260210 -1042288529 398295364 1583122009
 176640911 -794260838]
[-1382656303 955278843 899454706 -1481221525 262648045 263746268
 -1489476401 -553286141]
[883691555, 955278843, 899454706, -1481221525, 262648045, 263746268, -1489476401, -553286141]
[-1221684657 -45473207 1164355291 29920677 1368967843 -962869313 736406761
 -165863944]
[-1128262372 -1394407919 249869252 -527051151 1408453696 -1545671195
 1246164394 -697370338]
[-430493304, -1394407919, 249869252, -527051151, 1408453696, -1545671195, 1246164394, -697370338]
[-1150515052 -717914173 -1384214222 -1194339332 -274752297 -1478213712
 -517106000 -718104360]
[-1071486397 -84973446 267982561 -114933509 -249931936 -638685084
 529465043 812156811]
[-1174045893, -84973446, 267982561, -114933509, -249931936, -638685084, 529465043, 812156811]
[-539570069 771230943 -877274085 294426378 82683062 1161509029 398254866
 -57405474]
[786057749 -476225963 495787012 -29596820 849326227 -1598830651 -745218565
 -464937839]
[242110082, -476225963, 495787012, -29596820, 849326227, -1598830651, -745218565, -464937839]
[288401482 1371489856 65724042 -1551248859 15713365 -1298883836 873540849
 -1216010413]
[-227265365 -451840783 367212255 -335924826 263129300 880794707 1060857049
 1226830511]
[1500433978, -451840783, 367212255, -335924826, 263129300, 880794707, 1060857049, 1226830511]
[583724644 1297537459 402628933 -1542245051 -201025390 -1535556167
 876300780 464435113]
[1509731166 -1570957861 -1303454677 -1430244987 917083308 335656047
 -925928238 942386751]
[-598822989, -1570957861, -1303454677, -1430244987, 917083308, 335656047, -925928238, 942386751]
[-1217301809 1266848838 -537792382 1424505348 785771521 854224509
 1505975962 1464447228]
[-1059345415 1135655517 1052323848 747835503 1165708877 21061979 925316389
 524803516]
[-958628011, 1135655517, 1052323848, 747835503, 1165708877, 21061979, 925316389, 524803516]
[-123236152 1209756630 -1045766637 305972606 746652868 -262182366
 -1042347819 1113604326]
[488055899 -665939438 458738370 -88938438 522170318 1439224767 455749971
 771580464]
[816824639, -665939438, 458738370, -88938438, 522170318, 1439224767, 455749971, 771580464]
[876778143 -507194101 477270793 625578777 653847616 -768254397 -1382080301
 904377642]
[310625238 -1136059771 194702035 -76090104 -602248285 -578822415 536787645
 -680687728]
[-986508125, -1136059771, 194702035, -76090104, -602248285, -578822415, 536787645, -680687728]
[116705247 294906160 -1546297357 -1000313836 -1415302389 1409155705
 -666176120 1427198556]
[-1277275260 1185929508 -350993339 1384092278 1051708435 -1398636218
 610207900 528631293]
[1393804957, 1185929508, -350993339, 1384092278, 1051708435, -1398636218, 610207900, 528631293]
[-1555172469 1533950217 1198611710 500663311 -1371393771 1065924495
 -1552836072 -1023278801]
[-1063745104 578463007 1586712215 1045747951 206127206 855145029
 -1290370669 -54926874]
[-854995036, 578463007, 1586712215, 1045747951, 206127206, 855145029, -1290370669, -54926874]
[739319319 -419191234 560703367 1158019127 -1177569902 925479331 717306698
 1608238488]
[567779069 1284620863 -32879360 -1162559955 285781634 64638645 -1497090885
 -294636067]
[684446081, 1284620863, -32879360, -1162559955, 285781634, 64638645, -1497090885, -294636067]
[196484988 894833055 343025933 1153589514 1134925455 1097927781 866836007
 -999613018]
[-940263508 -370056391 -719354383 1581589113 833794954 -433357960
 564521086 1304477547]
[-570091047, -370056391, -719354383, 1581589113, 833794954, -433357960, 564521086, 1304477547]
[-1243081882 851999479 208345813 903217420 1373312762 -281925557
 -987013846 -1084743541]
[-211004872 279950822 686244266 -1522135364 -1564188836 -1355360267
 1003575665 -1399210268]
[-505570579, 279950822, 686244266, -1522135364, -1564188836, -1355360267, 1003575665, -1399210268]
[1269931439 -1398734171 143307957 978750093 1121192913 36758544
 -1162450365 -1427978306]
[-899493871 326399400 517023477 -1007656290 -28459663 265782978
 -1324109917 69768199]
[-1153781203, 326399400, 517023477, -1007656290, -28459663, 265782978, -1324109917, 69768199]
[-785457768 286488461 -813357736 1166504433 -1331020238 327686041
 -1105493558 1315526111]
[-927551217 -1332138061 1470927575 8052288 -1229160720 975204166
 -384583251 25217061]
[-443572561, -1332138061, 1470927575, 8052288, -1229160720, 975204166, -384583251, 25217061]
[-1580228970 -481880848 -1023890929 1127421282 -1135749217 1537079958
 802289799 -532249621]
[1415788895 1148760203 -1137043600 376700632 905548592 -322930494
 534345175 -1142039134]
[-1103970404, 1148760203, -1137043600, 376700632, 905548592, -322930494, 534345175, -1142039134]
[1057295543 -1503829016 486961186 1502546457 -908972270 599852099
 -1378301438 1451493761]
[1432658845 -886277517 226163212 1175887504 -1462465304 1588255252
 -302496308 -1170335194]
[621403505, -886277517, 226163212, 1175887504, -1462465304, 1588255252, -302496308, -1170335194]
[-1369558796 278727474 882540889 1019617540 -1295584574 -1203398115
 -1155131699 -77238563]
[-420588391 -548274230 -813358589 -939704264 -1172793906 -1177460141
 -1581232278 8113666]
[1544320872, -548274230, -813358589, -939704264, -1172793906, -1177460141, -1581232278, 8113666]
[93645587 -393065073 1593198673 -923023607 -34539972 -646386975 -598949686
 1479144077]
[1215756378 247689182 811761240 -826170480 -888253771 -1511587590
 450624130 -1493485633]
[1001798821, 247689182, 811761240, -826170480, -888253771, -1511587590, 450624130, -1493485633]
[-1004639657 1591572516 -808526832 1354716601 -297225149 -928298007
 -467136493 -948413195]
[-905292915 -1145376923 22455447 -851836176 -343207782 244243296
 -934050665 -19348534]
[-1311129656, -1145376923, 22455447, -851836176, -343207782, 244243296, -934050665, -19348534]
[-55944189 -1511570235 -461998170 -378067038 -601067358 154214938
 176270975 251319185]
[-424778573 123171294 863151273 1016003383 1508925041 -665511797
 -368997594 1310386556]
[-1287404482, 123171294, 863151273, 1016003383, 1508925041, -665511797, -368997594, 1310386556]
[1564510669 460496792 143600131 -67983880 -630147120 -1044200237
 -476163000 -208407858]
[320867487 953981849 -1356998110 -1108112494 -973823981 1340327380
 947716617 -833551635]
[1353654184, 953981849, -1356998110, -1108112494, -973823981, 1340327380, 947716617, -833551635]
[1026197450 -314103241 230747391 191538643 1465580751 61132921 1202175286
 1557766175]
[772834893 -1019741679 810702958 -734690831 1504535152 150124864
 1082454955 -367371311]
[-454665856, -1019741679, 810702958, -734690831, 1504535152, 150124864, 1082454955, -367371311]
[-1400582914 -1418060459 -719529643 -1565223222 -151576457 1059392363
 -1341801976 316784091]
[-847120363 652952069 -1437217233 -1423747514 1414317618 -333029108
 -633925560 1169531868]
[143296309, 652952069, -1437217233, -1423747514, 1414317618, -333029108, -633925560, 1169531868]
[-1030346177 840428573 -573793349 1208160142 -641551236 -483760507
 -91175120 -577336679]
[-1452554227 -282903924 -391201654 -877267385 1076679895 -970807612
 -190493195 -324707226]
[1094273854, -282903924, -391201654, -877267385, 1076679895, -970807612, -190493195, -324707226]
[911923510 -724775115 -604701294 8577862 91024587 1413929866 472289372
 561600181]
[30080841 1002696600 -1300049570 1062622526 -1069743588 643453356
 1054358370 1242327584]
[598280209, 1002696600, -1300049570, 1062622526, -1069743588, 643453356, 1054358370, 1242327584]
[-1134802601 -21797160 690699660 -405933750 1388852507 -1103738822
 -42206130 -471557101]
[549813489 1040702467 -865807618 -301494704 -535931073 -1482200699
 -584111664 -604767524]
[1134572751, 1040702467, -865807618, -301494704, -535931073, -1482200699, -584111664, -604767524]
[106520277 1512947128 1289007899 1251996537 -1199838540 1026826688
 913372018 -1498628580]
[664982275 -28539945 1262665815 -122694941 437006721 187477282 788158264
 451304982]
[506124985, -28539945, 1262665815, -122694941, 437006721, 187477282, 788158264, 451304982]
[849190657 715919208 949739723 705738104 -723904483 -116258717 -575879566
 425548967]
[1557846071 -1468212186 1129983245 884431998 468858682 486144430 44024455
 -379241130]
[-832422333, -1468212186, 1129983245, 884431998, 468858682, 486144430, 44024455, -379241130]
[-730740889 -933295668 -80694605 348013004 -351935792 -1574811968
 -535222290 1149532433]
[-294642575 1276480077 776885703 -833418988 1344900289 1087289859
 760071451 806577300]
[468383132, 1276480077, 776885703, -833418988, 1344900289, 1087289859, 760071451, 806577300]
[-1021441458 1297128451 -176762103 -1240856461 -1227207127 189853022
 424475849 806168728]
[-1036026005 -932505342 -1232774316 1402193078 -50555912 -252649749
 -1545324594 -1429569477]
[805720916, -932505342, -1232774316, 1402193078, -50555912, -252649749, -1545324594, -1429569477]
[-997919105 -52494728 1437636549 505468419 774857880 -884757251 477977158
 184088949]
[754873242 1561285215 -631132909 -555094161 1604564570 -887000690
 1258588391 979229389]
[-1433490247, 1561285215, -631132909, -555094161, 1604564570, -887000690, 1258588391, 979229389]
[1339297646 -1516310505 -984916490 840416922 1201734237 773338602
 -1236602590 -1563244430]
[-267511790 446307157 219844041 -1170236018 885588682 -1006437793
 1452245177 -1276608677]
[394854579, 446307157, 219844041, -1170236018, 885588682, -1006437793, 1452245177, -1276608677]
[-946584936 -891331484 706098978 -1000818494 786527989 -1539013911
 -1359776078 951372632]
[-1177272871 751335588 1442982320 -135388922 830194867 820025937 156042155
 684474759]
[-1010788148, 751335588, 1442982320, -135388922, 830194867, 820025937, 156042155, 684474759]
[179169790 824627963 -179267769 -1328769241 1342231301 894066103
 1499111180 417822736]
[-439529486 1578886440 -785597463 -1533218793 -478705653 -1525511115
 301004809 758716288]
[1032092884, 1578886440, -785597463, -1533218793, -478705653, -1525511115, 301004809, 758716288]
[-332099981 683067536 -233655690 -228679091 -450207267 -1501897657
 1401770916 -803151551]
[-99740330 -353434121 1564699506 -431249364 1476087803 -133060381
 -281362407 1296671527]
[-687843204, -353434121, 1564699506, -431249364, 1476087803, -133060381, -281362407, 1296671527]
[286699112 1016315412 1563004679 -279074127 -820384548 -74179898 642821452
 911034629]
[-281192164 -729578482 967513911 1257286695 235455104 563179042 -138378138
 -271249452]
[443587335, -729578482, 967513911, 1257286695, 235455104, 563179042, -138378138, -271249452]
[-1033215710 -90059831 -604118189 -367548089 784341408 988821206
 -1464547363 1321570783]
[982487103 -931107580 1354401861 1229721280 -1044806326 1593267233
 -111984712 666441008]
[-863824062, -931107580, 1354401861, 1229721280, -1044806326, 1593267233, -111984712, 666441008]
[-580893183 1504723645 254473248 54378147 1281062824 599088617 -275355645
 -1378771440]
[-12944210 -873258097 -928652685 517952447 -838032387 -833300776 930328618
 754046129]
[1234578555, -873258097, -928652685, 517952447, -838032387, -833300776, 930328618, 754046129]
[1461105795 -1413876740 -289406270 1329739278 -1310704893 393579889
 -67406723 1006864631]
[650389493 -1044950256 -1201401429 490980338 531194550 1027915466
 588086013 434320396]
[1480376453, -1044950256, -1201401429, 490980338, 531194550, 1027915466, 588086013, 434320396]
[-1225674867 1132330045 418376574 -386540162 -1111270331 1584162883
 1586559494 437877134]
[-1044568916 -613380775 -1058852408 -1083170513 -1390425615 1508144546
 1063594563 218920537]
[-726628215 -169275445 -1385460933 1161206568 1296657012 -978719280
 1526485874 1605306296]
[-493644168 308348056 -944706242 709382539 -1597632725 -1188171262
 -162147146 -1326842377]
[1544213255 393605885 -703220175 522453272 1177538793 -401423757 909007145
 123347755]
[187158364 -851357597 679086508 -820201887 -1306136963 838900892
 -478048207 359861400]
[596486921 918568912 342801316 -1167373920 352181796 -575563592 198553979
 1059861426]
[215666554 914367951 427156197 1026252831 -1527790817 45818355 -1195522486
 1601227829]
[831941918 1027064941 -488987762 -1443130810 -831372431 1560089022
 1015159739 -614219539]
[1313707805 -1453888095 -287344571 -509065094 917617403 1297460785
 -1020888569 -105514073]
[1200231318 1171659552 -359083382 1258211128 -1071879622 618389149
 1293167710 1067301672]
[280056926 962397286 937383231 259572319 -1233857211 -606250956 -894879574
 -1310406964]
[-819177616 551895854 958734288 1265059186 462119093 802386857 227006712
 1318535869]
new permutation
[-362014893 -1153531612 1288726491 524106911 1305247737 1292377033
 -258191802 -854870403]
[-376730469 607337639 852172977 -806109848 1002213974 504164847 -974915402
 184648965]
[834484906 284111406 -1059127769 316191391 -988637984 1164780010 149187627
 1467379558]
[1542556045 -1445259786 -642352910 1090793405 978396143 -32642300
 1013690038 867321490]
[-301457231 -1367840526 1274385268 29802969 1435572284 818589920
 -1155010670 51164318]
[-253834028 -116665117 1316344293 1095674947 -624339434 -1208267036
 -1466753872 -693515274]
[1482374695 614205398 -185366029 -536119661 66200866 1489477886 436525466
 1605258045]
[-944875304 -1220193311 309848571 -1424505726 -657439042 808742084
 1402677027 547405755]
[-1400088518 -303718275 -1277591008 310784157 1321055110 -396349033
 572218610 780250774]
[56153538 -46423588 427212096 -986238585 796072747 -29395883 1607263704
 1182630222]
[1542937109 1400398373 -724058279 130878374 -758039598 -290563961
 -1407360496 695577609]
[-1393215097 -796202739 -1268178019 1065646666 263570296 869261063
 617265908 108832309]
[-6719666 488804184 981699878 -177129747 472911989 1158131183 1577699991
 1471334989]
[984740236, 488804184, 981699878, -177129747, 472911989, 1158131183, 1577699991, 1471334989]
[1097837578 1095659279 822121268 -15730585 -1533197713 -20761186
 -717366466 931694804]
[-195053853 -1202439357 417210538 188279424 -135690114 1372134349
 -1606279300 860196244]
[-1155743662, -1202439357, 417210538, 188279424, -135690114, 1372134349, -1606279300, 860196244]
[400830572 -1154699291 1359507612 718965444 -671276094 -786078961
 1218478764 -1591956742]
[-1036364644 1174860376 1516814419 1392123950 600400239 -639548262
 1123247704 -489670115]
[-1472195850, 1174860376, 1516814419, 1392123950, 600400239, -639548262, 1123247704, -489670115]
[964217019 -994597076 1486460128 -480245878 -1222548697 298351506
 -931939708 1486816026]
[-1158074190 87981468 -758376376 -908169 -1439711013 708031244 -317535060
 111335672]
[-201491515, 87981468, -758376376, -908169, -1439711013, 708031244, -317535060, 111335672]
[-1538993427 89592707 1190828824 -1278176700 406452233 -888821203
 -866283149 -377474259]
[-127886552 -1460721795 -170864448 941980213 604479501 -1366615924
 -494690428 -130608642]
[-1245390034, -1460721795, -170864448, 941980213, 604479501, -1366615924, -494690428, -130608642]
[-76662913 220164933 -577727984 1291156262 852683016 1011951615
 -1135442011 -1398876075]
[1076673007 -1031386564 886691982 -1120365127 -175764431 429293612
 1584805862 540436183]
[-392965577, -1031386564, 886691982, -1120365127, -175764431, 429293612, 1584805862, 540436183]
[-760227579 1411988864 -1133005947 -215103312 -1516589020 993419039
 65869000 290564489]
[-113337870 -1404261930 922916034 -545541440 1112317705 991956133
 -389595748 -1455176083]
[-558855686, -1404261930, 922916034, -545541440, 1112317705, 991956133, -389595748, -1455176083]
[-658819634 -1272363548 541250784 -1378982832 -1372642867 624426833
 688142800 728583743]
[196811952 -1161266347 64516959 943013837 1314178955 1246402410 -984345874
 -420165996]
[211121788, -1161266347, 64516959, 943013837, 1314178955, 1246402410, -984345874, -420165996]
[-1145592436 323996635 1569386912 204488455 -1365883542 21336306
 1199283778 -280219431]
[1460838148 -1043852500 -41758762 79846962 -281966345 -281929710 256294080
 -1477688424]
[-2982537, -1043852500, -41758762, 79846962, -281966345, -281929710, 256294080, -1477688424]
[-898464205 -747357758 1042167851 840528792 -1162285890 -215438776
 1376309259 1307216713]
[-77800812 -768408363 -306289963 569047517 1199474680 -1295152708
 1471657843 -182694314]
[1031360857, -768408363, -306289963, 569047517, 1199474680, -1295152708, 1471657843, -182694314]
[148844677 539944629 -1511381242 347201043 -1142764506 56286198 101167285
 -1128845631]
[-571698911 -968462884 706232815 996800940 -288070610 -667148507 426552657
 -643490496]
[780473482, -968462884, 706232815, 996800940, -288070610, -667148507, 426552657, -643490496]
[-1215287444 -71060664 -756831332 -273012087 76640748 -655600786 -70922039
 97715146]
[-362100561 1068441627 177831336 -497135644 -1106876890 -1061613888
 -1413358105 -133088860]
[970819187, 1068441627, 177831336, -497135644, -1106876890, -1061613888, -1413358105, -133088860]
[763721260 1208200401 -1443034267 -391622911 -370611907 43018432
 -1495072847 1017522503]
[-783452735 -1160038436 834819401 859292986 -556264446 -312649227
 1038698056 -855004037]
[-164660160, -1160038436, 834819401, 859292986, -556264446, -312649227, 1038698056, -855004037]
[891143607 514443877 1282056122 -605427875 1428798053 -803387493
 -1345489201 -320663234]
[-91791922 532548541 1134880286 962971882 -789914576 -1112541082
 1389704151 917781646]
[-486597823, 532548541, 1134880286, 962971882, -789914576, -1112541082, 1389704151, 917781646]
[1523447059 456881024 -540196844 946845069 -504293749 966482133 295907261
 298695560]
[1196407011 -1467284774 1140696999 1479944643 -1540758446 -718493990
 88996714 687387020]
[457398915, -1467284774, 1140696999, 1479944643, -1540758446, -718493990, 88996714, 687387020]
[-842383749 -863781547 -462894188 -459373360 -1131854398 1379497933
 1387935259 139063097]
[159157087 432357107 -297061176 -346370577 1229244651 -388629920
 1409819275 1065551695]
[-325307291, 432357107, -297061176, -346370577, 1229244651, -388629920, 1409819275, 1065551695]
[129040930 -796044296 -1502583624 42599826 57070183 -628099656 -1293010456
 856644398]
[827316236 -689167709 -153868708 -396333170 -78577136 1273750076 262097705
 1097619095]
[268235511, -689167709, -153868708, -396333170, -78577136, 1273750076, 262097705, 1097619095]
[1268050901 -1419945184 242108889 1457350063 669037888 1459983787
 931535850 5056934]
[1361473186 452345577 -672377150 900378235 708523741 877181905 1441293483
 -526449460]
[-220337156, 452345577, -672377150, 900378235, 708523741, 877181905, 1441293483, -526449460]
[1253136871 -1506417034 -714681659 3856861 -976517456 -1083029037
 739168057 -1562228009]
[1332165526 -873476307 937515124 1083262684 -951697095 -243500409
 -1435486373 -31966838]
[-4251838, -873476307, 937515124, 1083262684, -951697095, -243500409, -1435486373, -31966838]
[140990163 494061124 770303790 530799584 -338159093 -1359479213 -347627993
 -124169709]
[1466617981 -753395782 -1077860586 206776386 428484072 -898593420
 -1491101424 -531702074]
[-17529789, -753395782, -1077860586, 206776386, 428484072, -898593420, -1491101424, -531702074]
[-968846269 267826390 354385068 460492795 -418169427 -1379508392
 -1244567556 286077588]
[-1484513116 -1555504249 655873281 -1545408645 -170753492 800170151
 -1057251356 -492306961]
[851889369, -1555504249, 655873281, -1545408645, -170753492, 800170151, -1057251356, -492306961]
[337862647 272702654 493069200 136737465 1509645476 -957160794 -901239927
 716981141]
[1263869169 625432807 -1213014410 248737529 -593471299 914051420 517756528
 1194932779]
[-794104525, 625432807, -1213014410, 248737529, -593471299, 914051420, 517756528, 1194932779]
[-702369678 826613764 836477015 -401227057 57288294 -1372123405 -487564723
 -196561237]
[-544413284 695420443 -794632228 -1077896902 437225650 1015939538
 -1068224296 -1136204949]
[957907407, 695420443, -794632228, -1077896902, 437225650, 1015939538, -1068224296, -1136204949]
[-465443108 -16382421 -2423745 541109185 359485952 -86157535 -914339474
 1394904397]
[145848943 1329146984 1502081262 146198141 135003402 -1605975875 583758316
 1052880535]
[1534194730, 1329146984, 1502081262, 146198141, 135003402, -1605975875, 583758316, 1052880535]
[52851269 804253878 539418146 381803036 937557661 262994486 1122207694
 -1494724521]
[-513301636 175388208 256849388 -319865845 -318538240 452426468 -180149833
 141435582]
[972523902, 175388208, 256849388, -319865845, -318538240, 452426468, -180149833, 141435582]
[-756741660 829643396 1509809668 -1440868551 -476772285 1050174308
 -492180963 1001279276]
[1070503306 -1500558729 -516111787 943537563 -1230986934 1463607858
 784203057 102712013]
[-1184569346, -1500558729, -516111787, 943537563, -1230986934, 1463607858, 784203057, 102712013]
[1525812230 -1275483020 -584112529 96428990 1274408620 -799741893
 -654111904 -740383841]
[-1203985878 990255243 -196012024 641513630 -369295876 -1010521359
 -391646501 227968086]
[-1030138542, 990255243, -196012024, 641513630, -369295876, -1010521359, -391646501, 227968086]
[-60400190 -642837768 -558646502 1283750138 -568651530 735361201
 -450912405 1453652438]
[-231940440 1060974329 -1152229229 -1036828944 894700006 -125479485
 555915485 -449222117]
[-879446873, 1060974329, -1152229229, -1036828944, 894700006, -125479485, 555915485, -449222117]
[377067768 -485533666 915782996 544941182 -390942018 807094829 1367689097
 239568825]
[-759680728 1470802361 -146597320 972940781 -692072519 -724190912
 1065374176 -677566083]
[-668049894, 1470802361, -146597320, 972940781, -692072519, -724190912, 1065374176, -677566083]
[-313871 1202460941 -1099087616 549224517 -1045019417 -1215379911
 -935564335 -641492312]
[1031763139 630412284 -621189163 1345097206 -761295542 932410852
 1055025176 -955959039]
[560026242, 630412284, -621189163, 1345097206, -761295542, 932410852, 1055025176, -955959039]
[107416834 321711272 -1336579688 -1222663002 -1313024130 1315922221
 -996322605 1311918303]
[1159216997 -1174380630 -962864168 12156088 758548767 1544946655
 -1157982157 -411560665]
[-881100608, -1174380630, -962864168, 12156088, 758548767, 1544946655, -1157982157, -411560665]
[-1594551373 -677494421 1346404027 423414639 582783060 775285160
 -276423244 -603459081]
[1484580651 925104530 409463865 -735037506 684642578 1422803285 444487063
 1327457342]
[799739046, 925104530, 409463865, -735037506, 684642578, 1422803285, 444487063, 1327457342]
[-45411929 187041083 196028182 18985008 -377927108 1594200367 640065821
 1395043283]
[-270619537 -1403543339 82875511 -731735642 -1557854772 -265810085
 372121197 785253770]
[1395297278, -1403543339, 82875511, -731735642, -1557854772, -265810085, 372121197, 785253770]
[1299107762 845434994 -487908639 -744312273 298172116 -1172922220
 -1360474235 -494722399]
[-1546754409 1462986493 -748706613 -1070971226 -255320918 -184519067
 -284669105 104674119]
[6473900, 1462986493, -748706613, -1070971226, -255320918, -184519067, -284669105, 104674119]
[1454809959 773921548 909762063 914025919 -898652135 -908716483 1495072495
 -621282724]
[-817445109 -53080156 -786137415 -1045295885 -775861467 -882778509
 1068971916 -535930495]
[-373107505, -53080156, -786137415, -1045295885, -775861467, -882778509, 1068971916, -535930495]
[-1090615865 807044048 1392646940 -1384280254 1356772829 1219478525
 241534919 1151104819]
[31494926 1447798303 611209507 -1287427127 503059030 354277910 1291108735
 1399700582]
[-1071474914, 1447798303, 611209507, -1287427127, 503059030, 354277910, 1291108735, 1399700582]
[-61158066 -106372224 219613910 69073572 -182735404 996903531 -141430684
 483502152]
[38188676 377903810 1050596189 1083746268 -228718037 -1051780639
 -608344856 1412566813]
[384674530, 377903810, 1050596189, 1083746268, -228718037, -1051780639, -608344856, 1412566813]
[-1031818184 315542101 909425066 676243637 -1361460867 -958848685
 -493385546 -16487516]
[-1400652568 -1270941843 -986650964 -1150911415 748531532 1442650053
 -1038654115 1042579855]
[-965541120, -1270941843, -986650964, -1150911415, 748531532, 1442650053, -1038654115, 1042579855]
[459688333 258004865 -1397003608 1579269213 -1361446178 1280538021
 1596883895 836981889]
[-783954849 751489922 323623624 539140599 1516102434 443840165 -200461961
 211838112]
[992641935, 751489922, 323623624, 539140599, 1516102434, 443840165, -200461961, 211838112]
[-657169493 -957561672 92467843 544344421 1413959733 -720614746 -103518057
 -321782948]
[-910532050 1558025363 672423410 -381885053 1452914134 -631622803
 -223238388 974305039]
[-644138219, 1558025363, 672423410, -381885053, 1452914134, -631622803, -223238388, 974305039]
[-808367946 -702438863 848113907 -33762949 -1125768075 -956890691
 -1344475429 1566547307]
[-254905395 1368573665 130426317 107712759 440126000 871913311 -636599013
 -801930389]
[260047225, 1368573665, 130426317, 107712759, 440126000, 871913311, -636599013, -801930389]
[1585905862 -21590411 -657399813 1536743523 205881391 1135985439
 1563528252 572888941]
[1163697812 -1144922908 -474808118 -548684004 -1297112951 648938334
 1464210177 825518394]
[-1073670078, -1144922908, -474808118, -548684004, -1297112951, 648938334, 1464210177, 825518394]
[445733463 107861948 -785899260 1594369648 1235712434 -177190634
 -841221162 -1310367112]
[-436109206 -1385891810 -1481247536 -572811161 74944259 -947667144
 -259152164 -629639709]
[-1539778864, -1385891810, -1481247536, -572811161, 74944259, -947667144, -259152164, -629639709]
[1191056744 123892809 -1548995441 954052633 -254888282 934542647 193306527
 -1285486745]
[-345552639 1186392436 115722754 1058491679 1041553611 556080770
 -348599007 -1418697168]
[-355679941, 1186392436, 115722754, 1058491679, 1041553611, 556080770, -348599007, -1418697168]
[-1101744204 1278637187 904966658 -1304713161 917893099 -1220604857
 -859043776 1095750040]
[-543282206 -262849886 878624574 541820834 -666487113 1161271210
 -984257530 -175541871]
[-125657015, -262849886, 878624574, 541820834, -666487113, 1161271210, -984257530, -175541871]
[-1212347471 -592614200 -1021105270 -857120078 -1101123543 1347638672
 347313282 -233841001]
[-503692057 444479879 -840861748 -678426184 91639622 -1271183654 967217303
 -1038631098]
[-60192277, 444479879, -840861748, -678426184, 91639622, -1271183654, 967217303, -1038631098]
[570126354 -622775716 -259336447 -526176945 -743066322 5153002 -489504881
 1247665168]
[1006224668 1587000029 598243861 1513616536 953769759 -553970644 805788860
 904710035]
[-1260062074, 1587000029, 598243861, 1513616536, 953769759, -553970644, 805788860, 904710035]
[456503239 -383351014 203725723 1533513198 1330586199 373267068 -583749118
 -1362068582]
[441918692 608240666 -852286490 955337264 -713988059 -69235703 667675912
 -376581314]
[80160000, 608240666, -852286490, 955337264, -713988059, -69235703, 667675912, -376581314]
[-205410312 -1258435423 -1105761999 -29308802 386258457 -145829897
 -297168817 -440070646]
[1547382035 355344520 46694016 -1089871382 1215965147 -148073336 483442416
 355069794]
[132171186, 355344520, 46694016, -1089871382, 1215965147, -148073336, 483442416, 355069794]
[-1286062152 1216077637 1249796656 -1533479894 -270093588 746018765
 614709609 -1067494356]
[328353885 -42530174 -766668286 -322907361 -586239143 -1033757630 82331903
 -780858603]
[-1219580943, -42530174, -766668286, -322907361, -586239143, -1033757630, 82331903, -780858603]
[1248673648 1501701362 1241626108 150664612 107788147 -1330745035
 1581716935 -91428901]
[1017985713 -76857039 -1242716023 1016094184 151455025 1028294813
 -123690305 -358326774]
[-659917454, -76857039, -1242716023, 1016094184, 151455025, 1028294813, -123690305, -358326774]
[-1230136692 891613658 828814145 -285312750 462365185 -1054089077 -2794573
 1064479819]
[1372389505 -1575353338 222484451 -489762302 -1358571769 -252440822
 -1200900944 1405373371]
[1384817301, -1575353338, 222484451, -489762302, -1358571769, -252440822, -1200900944, 1405373371]
[229874244 -1504491036 -39264847 -1590013801 -602315841 1443150936
 941911525 339865517]
[462233895 680232780 -1462135124 1428641399 1323979229 -409237261
 -741221798 -781536878]
[-356325791, 680232780, -1462135124, 1428641399, 1323979229, -409237261, -741221798, -781536878]
[1077751342 -501952795 -585902787 458770965 280750623 563712803 843593809
 782324654]
[509860066 973378784 -1181393555 -1226093686 1336590275 1201071743
 62394219 -399959427]
[782992358, 973378784, -1181393555, -1226093686, 1336590275, 1201071743, 62394219, -399959427]
[-641191949 -453890587 1300374338 -270757959 -1183210590 -1372607446
 1188726999 -976601726]
[1374510864 -1294938336 37668915 1326511410 208867149 -768161419
 -679935823 1589493972]
[-306859934, -1294938336, 37668915, 1326511410, 208867149, -768161419, -679935823, 1589493972]
[-540508870 712620548 1207916731 -373303732 -906342708 823150082
 -1106034905 -1230515741]
[27440103 1555864279 24790798 90270568 195787554 -609239311 99649358
 902301828]
[848410941, 1555864279, 24790798, 90270568, 195787554, -609239311, 99649358, 902301828]
[-1449372916 -903651331 -584626412 517907911 1042918860 1531698279
 194076219 1207965965]
[961136255 -534724847 -1496621571 -320851029 -336407170 -1055191617
 849568955 635421730]
[1590422500, -534724847, -1496621571, -320851029, -336407170, -1055191617, 849568955, 635421730]
[-427376523 1007143074 -136672791 1042489922 -516384111 498611739
 -1244105362 -241446401]
[-246270572 -738567746 1607323700 345859571 -795539395 422593402
 1454155180 -460402998]
[1180966129 -275674938 -310019958 -274455277 24465237 -83077712 -63374120
 350539770]
[979790218 -1051562085 -1582609627 -208649047 1373581713 -371052296
 -742232652 -774272291]
[-203577832 -966304256 -1341123560 -395578314 927527758 415695209
 328921639 675917841]
[356133681 -433872439 1609999668 405309813 891982369 222506668 379325625
 -165670282]
[-1148569731 -642316184 810291374 -1299551461 1397621102 -112769684
 1189654988 1443453217]
[-1529390098 -646517145 894646255 894075290 -482351511 508612263
 -204421477 -1236405853]
[1410246 -1434212624 -1438338955 375325021 -46909176 849165145 1487606735
 612690042]
[-1129514824 616949474 635142759 -1126844578 647724522 -1247323097
 551593344 -455034563]
[-1242991311 21271648 563403948 640431644 -1341772503 1294830740
 -355575850 717781182]
[-1377778057 1403581271 280418523 650894118 914416391 964174017 -889185404
 -1407326087]
[-1161095951 497133355 595128234 372569905 1571529962 853804698 1498803040
 -1381015283]